CODE11 -1409.256 -117.551 -214.759 0.032 0.023 0.042 0.000
CODE12 -2210.867 227.430 417.054 0.054 0.024 0.039 0.000
CODE248 -1786.915 -627.878 135.824 0.037 0.028 0.038 0.000
CODE249 -2116.068 -490.923 394.492 0.043 0.027 0.035 0.000
CSB-086-13 -1613.252 -704.823 -10.188 0.041 0.035 0.044 0.000
CSB-086-14 -1640.510 -693.791 11.344 0.053 0.042 0.060 0.000
CSB-086-15 -1667.152 -682.573 32.287 0.042 0.037 0.051 0.000
CSB-086-16 -1694.867 -671.171 54.124 0.036 0.029 0.039 0.000
CSB-086-17 -1722.224 -659.623 75.668 0.036 0.029 0.039 0.000
CSB-086-18 -1749.363 -648.540 97.156 0.044 0.032 0.049 0.000
CSB-086-19 -2156.749 -479.721 417.389 0.046 0.029 0.037 0.000
CSB-086-20 -2183.987 -468.552 438.703 0.046 0.027 0.035 0.000
CSB-086-21 -2211.402 -457.025 460.186 0.044 0.027 0.034 0.000
CSB-086-22 -2239.209 -445.294 481.951 0.045 0.027 0.033 0.000
CSB-086-23 -2265.871 -434.295 502.876 0.045 0.027 0.033 0.000
CSB-086-24 -2292.766 -423.737 524.056 0.046 0.027 0.033 0.000
NUGGET11_1 -1405.783 -126.625 -219.106 0.032 0.023 0.042 0.000
NUGGET11_10 -1412.950 -110.588 -210.767 0.032 0.023 0.042 0.000
NUGGET11_13 -1417.577 -116.826 -208.861 0.032 0.023 0.042 0.000
NUGGET11_A -1420.117 -123.912 -208.578 0.032 0.023 0.042 0.000
NUGGET11_B -1406.334 -110.251 -215.303 0.032 0.023 0.042 0.000
NUGGET11_C -1400.689 -112.521 -219.696 0.032 0.023 0.042 0.000
NUGGET11_D -1403.214 -119.554 -219.417 0.032 0.023 0.042 0.000
NUGGET12_3 -2209.203 219.233 414.167 0.054 0.024 0.039 0.000
NUGGET12_10 -2214.754 234.196 421.199 0.054 0.024 0.039 0.000
NUGGET12_13 -2219.172 227.777 422.974 0.054 0.024 0.039 0.000
NUGGET12_A -2221.525 220.617 423.136 0.054 0.024 0.039 0.000
NUGGET12_B -2208.143 234.805 416.668 0.054 0.024 0.039 0.000
NUGGET12_C -2202.402 232.831 412.244 0.054 0.024 0.039 0.000
NUGGET12_D -2204.763 225.694 412.399 0.054 0.024 0.039 0.000
NUGGET248_3 -1774.289 -622.633 124.651 0.037 0.028 0.038 0.000
NUGGET248_15 -1790.343 -642.575 140.355 0.037 0.029 0.038 0.000
NUGGET248_21 -1768.870 -640.294 122.210 0.037 0.028 0.038 0.000
NUGGET248_A -1775.753 -652.842 129.376 0.037 0.029 0.038 0.000
NUGGET248_B -1798.548 -622.348 144.898 0.037 0.028 0.038 0.000
NUGGET248_C -1795.773 -608.106 140.922 0.037 0.028 0.038 0.000
NUGGET248_D -1784.526 -612.750 132.058 0.037 0.028 0.038 0.000
NUGGET249_3 -2103.472 -485.794 383.253 0.043 0.027 0.035 0.000
NUGGET249_17 -2122.826 -502.771 401.602 0.043 0.027 0.034 0.000
NUGGET249_21 -2098.087 -503.505 380.923 0.042 0.027 0.035 0.000
NUGGET249_A -2104.968 -515.968 388.196 0.043 0.027 0.035 0.000
NUGGET249_B -2127.661 -485.293 403.548 0.043 0.027 0.034 0.000
NUGGET249_C -2124.882 -471.088 399.441 0.043 0.027 0.034 0.000
NUGGET249_D -2113.672 -475.855 390.586 0.043 0.027 0.035 0.000
TARGET04 -1408.271 -43.110 -208.188 0.032 0.022 0.041 0.000
TARGET05 -1406.244 273.254 -143.294 0.032 0.022 0.041 0.000
TARGET11 -1901.791 -451.386 51.106 0.045 0.031 0.049 0.000
TARGET12 -1828.069 -452.396 -0.555 0.043 0.030 0.050 0.000
TARGET13 -2188.847 -249.422 293.932 0.049 0.027 0.042 0.000
TARGET14 -1730.548 -428.725 -63.868 0.041 0.030 0.051 0.000
TARGET15 -2224.155 -158.272 337.780 0.049 0.026 0.041 0.000
TARGET16 -1666.988 -399.915 -102.350 0.040 0.029 0.052 0.000
TARGET17 -1388.816 62.048 -199.760 0.034 0.024 0.052 0.000
TARGET18 -1387.101 170.460 -178.139 0.033 0.023 0.050 0.000
TARGET19 -1449.441 -153.330 -202.581 0.036 0.025 0.050 0.000
TARGET20 -1808.786 568.053 199.020 0.034 0.023 0.036 0.000
TARGET21 -1553.919 497.995 6.511 0.031 0.022 0.038 0.000
TARGET22 -1442.292 367.877 -98.461 0.033 0.022 0.041 0.000
TARGET25 -2241.558 53.275 394.128 0.047 0.025 0.040 0.000
TARGET26 -2218.511 166.042 401.348 0.046 0.024 0.039 0.000
TARGET27 -1501.123 -248.540 -186.472 0.036 0.026 0.052 0.000
TARGET28 -2226.053 219.804 426.559 0.065 0.026 0.041 0.000
TARGET30 -1997.317 -426.105 123.129 0.054 0.031 0.052 0.000
TARGET31 -1572.957 -333.244 -154.092 0.045 0.031 0.058 0.000
TARGET32 -2244.146 -50.259 374.420 0.060 0.026 0.045 0.000
TARGET33 -2179.979 270.369 396.133 0.057 0.025 0.044 0.000
TARGET34 -1493.418 438.002 -48.201 0.034 0.023 0.047 0.000
TARGET35 -1716.240 566.568 134.084 0.035 0.024 0.042 0.000
TARGET36 -1633.547 543.293 71.523 0.035 0.025 0.044 0.000
TARGET37 -2129.231 -326.040 236.253 0.053 0.032 0.055 0.000
TARGET38 -1896.989 545.345 255.826 0.039 0.024 0.039 0.000
TARGET39 -1979.733 501.331 304.412 0.041 0.023 0.041 0.000
TARGET40 -2129.564 360.518 379.593 0.068 0.030 0.049 0.000
TARGET41 -2070.398 -383.296 183.097 0.061 0.032 0.059 0.000
TARGET42 -2056.816 444.891 346.381 0.046 0.026 0.045 0.000
TARGET44 -1790.412 -590.504 -50.477 0.076 0.064 0.075 0.000
TARGET45 -1620.904 -495.658 -197.287 0.077 0.056 0.089 0.000
TARGET46 -2546.830 -463.911 730.870 0.207 0.088 0.059 0.000
TARGET47 -2591.361 -193.780 487.150 0.182 0.045 0.088 0.000
TARGET49 -1595.028 -520.053 -623.135 0.162 0.107 0.341 0.000
TARGET50 -1282.674 -229.054 -389.195 0.106 0.109 0.274 0.000
TARGET55 -3055.175 590.557 -1342.362 0.210 0.077 0.181 0.000
TARGET56 -1725.995 -456.968 -67.438 0.074 0.065 0.082 0.000
TARGET57 -1723.712 -456.570 -64.631 0.085 0.052 0.096 0.000
TARGET58 -1400.840 -940.192 -173.844 0.078 0.149 0.172 0.000
TARGET59 -1285.741 -229.819 -391.944 0.070 0.049 0.131 0.000
TARGET60 -1289.575 -596.665 -196.955 0.052 0.042 0.120 0.000
TARGET61 -2353.612 -404.188 548.020 0.122 0.079 0.081 0.000
TARGET62 -2064.945 458.325 354.385 0.139 0.058 0.058 0.000
TARGET63 -1313.817 316.314 -235.783 0.076 0.048 0.175 0.000
TARGET64 -1292.789 -263.293 -376.214 0.249 0.246 0.554 0.000
TARGET65 -2401.436 255.973 407.609 0.286 0.110 0.194 0.000
TARGET67 -1918.711 -582.871 208.826 0.282 0.190 0.251 0.000
TARGET68 -3285.155 -68.899 285.069 0.450 0.076 0.213 0.000
TARGET69 -1491.296 -983.140 -144.708 0.061 0.129 0.145 0.000
TARGET70 -1789.023 -516.087 -35.042 0.091 0.079 0.117 0.000
